79	2.7863623653676655e-05	0
15	0.00018338299824709992	0
23	0.00018937309824145529	0
21	0.00022335041196822536	0
22	0.00022335041196822536	1
10	0.00024275160016457085	0
119	0.0004538378117758205	0
26	0.0004604790718998966	0
25	0.00048425897732188596	0
18	0.000591858420011972	0
82	0.0005958793824499779	0
20	0.0006321475739757984	0
13	0.0006616588999852897	0
17	0.0006709264313540962	0
322	0.0007449935653633854	0
30	0.0007552193659284269	0
34	0.0008305907973778664	0
53	0.0009281618670126072	0
14	0.0009583925221274287	0
370	0.0009717068394278128	0
320	0.0011167341557010004	0
11	0.0011398908779515931	0
311	0.0013439049514875193	0
29	0.0014023911943019931	0
8	0.0018577048960652688	0
5	0.0018830976833921066	0
16	0.0019533849854860793	0
92	0.0019633145448529916	0
80	0.002166138630409907	0
186	0.0022213405146093474	0
12	0.002287738865354984	0
27	0.0023549528428095843	0
9	0.0026318477021561497	0
69	0.002823649190899246	0
59	0.0031058095731640767	0
316	0.0033947076838144615	0
33	0.0034487661526294076	0
289	0.003746717544598828	0
273	0.003763075511790043	0
135	0.003992893458575286	0
317	0.004012397454332816	0
310	0.004402329204077279	0
256	0.004652438699647979	0
203	0.004767536583850621	0
139	0.004955365929716831	0
83	0.005614218243199195	0
6	0.006021859896219612	0
24	0.006104939930671745	0
137	0.006345344863577374	0
31	0.006665966345577258	0
325	0.0066830381533199215	0
275	0.0073734958273920835	0
46	0.007838799169953971	0
398	0.00787075656785131	0
254	0.008050509512127501	0
253	0.008050509512127501	0
61	0.008343081430570241	0
35	0.008514235958531074	0
246	0.008701611865859984	0
274	0.00920573672803832	0
279	0.009961397992616215	0
52	0.010098566843894125	0
3	0.010148729434009582	0
7	0.010498682551339674	0
63	0.01064642140672583	0
55	0.010753608790074417	0
276	0.010807242024061577	0
49	0.011214449557234616	0
319	0.01140349122881457	0
60	0.011473938963282531	0
368	0.01159229365069899	0
28	0.012015229347052181	0
303	0.012158205082189226	0
62	0.012350509747623256	0
65	0.012858383935956688	0
383	0.014383893926436372	0
313	0.014502051473438521	0
138	0.014966160688832386	0
306	0.01500400490574267	0
32	0.016190087818046747	0
321	0.017118961112066015	0
390	0.017289413435615564	0
48	0.018496476578590364	0
1	0.01939494987698889	0
343	0.0196700551806163	0
189	0.020056583058243975	0
382	0.02016688582129399	0
36	0.020578478818537346	0
81	0.020725563069772503	0
315	0.020776114833024377	0
364	0.020915605558555442	0
391	0.02094486457717079	0
98	0.021319675484421832	0
290	0.021587554959882564	0
57	0.021746667644259872	0
304	0.022050957151258436	0
19	0.022106464532803686	0
54	0.02274540093243183	0
394	0.02346685682507489	0
4	0.02370444879241062	0
402	0.024332218223555697	0
350	0.025002426874820093	0
396	0.02501745849783379	0
405	0.025144380735832576	0
302	0.025336819312887154	0
369	0.025858780507805275	0
251	0.02637690329064175	0
286	0.027037659940395965	0
329	0.027109918251493472	0
366	0.02720004142489884	0
47	0.027764247688490135	0
381	0.027805846890697702	0
324	0.02831470044127571	0
280	0.029400302023101177	0
406	0.02947786889971255	0
352	0.02998360915347681	0
220	0.030369512341160206	0
145	0.030585230452121772	0
349	0.03130572035285854	0
392	0.03169157768009725	0
326	0.031917049719253236	0
141	0.03228536134377548	0
78	0.03232513702935829	0
143	0.032661459281103304	0
344	0.03267477602493776	0
45	0.03452176886633986	0
305	0.03502090547218101	0
384	0.03517229119666771	0
40	0.03529577249003057	0
44	0.035454262434010134	0
371	0.035499276914825476	0
388	0.03582197797428298	0
41	0.035994514218531434	0
56	0.036577907263451684	0
89	0.03680745643555199	0
365	0.039515699020346	0
377	0.0399685035380155	0
255	0.04013051622712627	0
39	0.04020926330818132	0
64	0.04133346231507647	1
309	0.04147752022102161	0
142	0.04186434383182319	0
351	0.04240477323006851	0
347	0.04242094794198287	0
114	0.042758881987353725	0
328	0.042810010090737455	0
357	0.04307311435282657	0
307	0.04403056786409876	0
380	0.04427158905851127	0
360	0.04455307029316649	0
327	0.04467130418223901	0
354	0.045076194086889856	0
308	0.045258943655246624	0
358	0.0455716385015372	0
355	0.04899527273422996	0
376	0.04987234730649199	0
331	0.0504551317950294	0
73	0.05088138753750749	0
363	0.051706758252620486	0
330	0.052404773325292274	0
332	0.05294732231559751	0
191	0.053392707692191455	0
249	0.05400513093982773	0
167	0.05450911433629829	0
250	0.0545182286565198	0
348	0.05577320449275896	0
312	0.05669393814104935	0
136	0.05672309861778387	0
323	0.0568123538453766	0
58	0.0578128721454417	0
222	0.058744638013262206	0
393	0.059777467475282085	0
68	0.060029484569177505	0
86	0.06054077259524201	0
339	0.06074779033791869	0
252	0.06165154249797488	0
403	0.06277402752286819	0
234	0.06304059506021539	0
334	0.06335172230516323	0
75	0.06345822078364088	0
245	0.06543599953629194	0
341	0.06599423989414337	0
379	0.06613144236905913	0
278	0.06625041796472768	0
140	0.0663897758523789	0
37	0.06680648539316954	0
130	0.068136059612322	0
346	0.06818479179114957	0
77	0.06870641561857735	0
72	0.06903893471709564	0
318	0.06914705820896078	0
190	0.06949261830445201	0
76	0.07030933891727031	0
185	0.0707395523452903	0
223	0.07094350881389627	0
353	0.07138485723588356	0
340	0.07176629380610598	0
187	0.07190000192569489	0
194	0.07425436764160216	0
407	0.07471320116076652	0
70	0.07717330361304953	0
168	0.07935739359579415	0
144	0.07973215002500184	0
217	0.08001654711973397	0
84	0.08010473354838452	0
166	0.08015424026176049	0
378	0.08070910823493421	0
116	0.08410831851004806	0
129	0.0843563434370285	0
121	0.08662407907807383	0
128	0.08882859621555812	0
359	0.08890232255577638	0
224	0.09021242660581007	0
248	0.09038678320195016	0
127	0.09068437989209714	0
228	0.09318040804387423	0
146	0.09928799923404291	1
2	0.09930944129650768	0
225	0.09964875954735289	0
301	0.09967960640430945	0
342	0.09999654961923804	0
38	0.10044717165743425	1
193	0.10053199352901046	0
71	0.1018475372441866	0
337	0.10288044028994103	0
401	0.10343143113661808	0
88	0.1035448976557583	0
397	0.10780705963393478	1
409	0.10798511654773073	0
115	0.10932409914422238	0
285	0.10935973269543524	0
180	0.11411053311664289	0
372	0.11609841077965737	0
295	0.11701836258973689	0
134	0.11845585900770983	0
395	0.1190338119893332	0
338	0.12076307199209374	1
300	0.12270780480183555	0
284	0.12295942323950856	0
132	0.12309496598669967	0
233	0.12321817089101347	0
216	0.12355280516856643	0
43	0.12358655139273467	0
373	0.12493991079570041	1
282	0.12608534059872217	0
362	0.1263314742630748	0
201	0.1290789065749399	0
125	0.13107078916191137	0
410	0.13219455078806602	0
314	0.1323790727555687	0
232	0.13258588303606417	0
281	0.13290437496247515	0
293	0.13385291008493652	0
336	0.13407165868699975	0
356	0.13571326171106057	0
87	0.13574237962976995	0
120	0.13574378158292139	0
297	0.1366849150221559	0
333	0.1373150180965257	0
123	0.1393334672661519	0
236	0.13977617337556233	0
296	0.14443860471638936	0
277	0.145130653463495	0
298	0.14519654478458344	0
131	0.14579279694097133	0
226	0.14752390883938435	0
241	0.1481909854292499	0
267	0.1488207428814181	0
74	0.14997318286190103	0
133	0.1506636012032759	0
385	0.15089182615048574	0
266	0.15114459298276037	0
361	0.15167785389465926	0
126	0.15769858862825226	0
239	0.15772593118885256	0
172	0.15869878787773867	0
408	0.1603922140337773	0
112	0.16051548969532584	1
247	0.1618020930736998	0
262	0.16407136301026362	0
272	0.16609067918366305	0
263	0.1661250677476523	0
205	0.16711462539761926	0
345	0.1695481112113732	0
283	0.16993218982546898	0
111	0.17023024112401133	0
374	0.1733558516392038	0
182	0.1734113183180288	0
240	0.1737673882694704	0
269	0.17390622981761616	0
124	0.17578781073804925	0
118	0.1759588174746532	0
244	0.17802869999518767	0
291	0.18008140047771	0
184	0.1811337675317243	0
287	0.1817537748829978	0
200	0.18345132852596685	0
257	0.18353424962732662	0
271	0.18471944340843824	0
117	0.18555992105444385	0
147	0.1864404594906895	0
237	0.1871105953197794	0
163	0.18769785598290747	0
264	0.19278162339759042	0
227	0.194786452405184	0
259	0.19570498934423539	0
299	0.1957734564042771	0
260	0.19612828695917842	1
238	0.20159748370219188	0
176	0.20203401988086095	0
42	0.20372453312258185	1
113	0.20481360590292264	0
265	0.2048874413838856	0
375	0.20605076392559474	0
197	0.20664222751305222	1
198	0.21120810536034298	0
196	0.21121755764890912	0
204	0.21377443123236584	0
50	0.21499151378454967	0
367	0.21540468686240527	0
288	0.21577080716775188	0
404	0.21636469865985933	0
192	0.21787015199306453	0
387	0.21869777056954695	1
221	0.21886250966642742	0
294	0.2216948908594313	0
399	0.22292329334740843	0
207	0.22703222122520889	0
66	0.22875861328623417	0
386	0.23342346306607184	0
179	0.23575648776589622	0
258	0.23924533565769676	0
85	0.24110773735287008	0
170	0.2439018493488061	0
199	0.24456513589478263	0
229	0.24531783760333636	0
51	0.25518729614648084	0
243	0.256037507897229	1
389	0.2560405118255492	1
214	0.25788322178442175	0
231	0.26014228459732514	0
202	0.2622215739883211	0
178	0.26426480481909764	0
209	0.27658584030633615	0
242	0.2780320450468767	0
218	0.27881059323188684	0
101	0.2799555839324349	0
261	0.2838942071188198	0
188	0.28393889114957926	0
213	0.28431223753496054	1
215	0.28736658861677267	0
169	0.29023561185394237	0
292	0.29637602790110407	0
174	0.298721344115252	0
173	0.2996357088463452	0
171	0.30588333737753004	0
235	0.3172934718009791	0
208	0.3183830164532241	0
230	0.31944435451771475	1
110	0.31988533735835567	0
99	0.3219941187256533	1
107	0.3265031377512581	0
122	0.33626068464193476	1
159	0.33742443821919854	1
177	0.3458251744912194	1
90	0.3497088940789475	0
104	0.35044675444674717	1
157	0.35139671478067763	1
162	0.3539127298631355	1
102	0.3575911869941256	0
105	0.36585174231845496	1
183	0.36770479445629883	1
150	0.370629182489019	0
158	0.37248753766167797	0
97	0.37347665989471823	1
219	0.37473876774099585	0
164	0.3812603321199274	0
91	0.38174935927188663	0
94	0.38298791387069003	1
95	0.3856708635819831	0
109	0.3868847008769485	1
149	0.3874414285040691	1
155	0.39023961329593804	0
156	0.3927898670957039	1
160	0.3967561251516111	1
103	0.40624260827853165	0
100	0.40844873262915665	0
165	0.41947787726093966	1
181	0.4250655594173793	0
154	0.4417248526948905	0
148	0.4770474229032625	1
