94 112
94 96
94 107
107 161
107 148
148 196
94 520
196 687
157 137
159 158
121 179
160 145
145 134
134 164
134 146
134 150
134 166
166 186
186 251
166 242
150 115
115 118
115 114
118 114
174 122
122 127
127 117
122 117
117 224
130 129
128 125
128 155
185 142
139 142
139 140
140 144
140 142
144 2
144 283
283 2
283 235
235 208
208 283
235 2
208 2
208 214
214 283
214 2
142 236
142 211
142 219
236 219
236 211
211 219
142 305
142 3
142 162
142 163
162 3
163 3
345 3
443 3
158 1
159 1
121 1
179 1
201 1
160 1
145 1
164 1
146 1
134 1
218 1
150 1
186 1
166 1
115 1
156 1
118 1
114 1
174 1
122 1
127 1
117 1
224 1
130 1
129 1
128 1
125 1
155 1
120 1
185 1
142 1
139 1
116 1
140 1
137 1
144 1
157 1
133 1
196 1
149 1
148 1
107 1
161 1
131 1
96 1
94 1
112 1
