158 34 38
159 34 38
121 26 34
179 27 40
201 34 42
160 36 38
145 29 37
164 37 39
146 33 37
134 28 35
150 33 37
218 31 43
186 34 41
251 42 46
166 33 39
242 43 45
115 27 34
156 36 38
118 29 34
114 28 33
174 36 40
122 32 34
127 34 35
117 31 34
130 31 35
224 42 45
129 31 35
128 34 35
125 34 35
155 33 38
120 31 34
185 36 41
114 28 33
139 32 37
142 34 37
140 28 36
236 39 45
211 39 43
219 42 44
305 43 47
162 36 38
163 37 38
345 44 48
443 46 51
137 34 35
157 37 38
133 29 35
144 32 36
283 42 46
235 40 45
208 39 43
214 34 43
196 32 42
687 50 54
148 24 36
149 23 37
107 16 30
161 27 38
131 31 35
96 21 27
94 11 26
520 48 52
116 29 34
112 21 33
1 11 45
2 32 46
3 34 51
